ACCOUNT_ID=0.0.46784
PRIVATE_KEY=302e020100300506032b6570042204207157599764efff8c74be6437871b4ef87c7be49767ed44ff2496e344aff4cfb1
TOPIC_ID=0.0.28583
